144.75
143.24
142.49
142.03
142.45
142.35
142.64
142.37
140.82
142.56
142.25
142.16
141.25
141.19
141.47
141.59
141.42
139.92
140.2
140.74
139.77
139.25
137.62
136.59
137.43
137.31
138.76
139.54
139.55
139.98
139.39
139.78
139.39
139.71
140.84
140.52
140.29
140.87
140.81
140.53
140.13
140.01
140.51
139.34
140.47
140.5
142.86
143.33
143.3
142.78
142.87
141.25
141.03
141.69
141.34
141.57
141.09
141.06
141.5
141.39
140.66
140.42
141.42
142.13
142.97
143.01
142.58
141.53
141.68
140.47
141.31
141.01
141.1
140.75
140.81
141.25
141.45
141.49
141.54
141.67
141.68
141.53
141.33
141.96
141.75
141.81
141.94
141.74
141.73
141.62
141.78
140.7
140.17
140.49
140.14
139.74
139.27
139.03
139.15
138.84
138.75
138.93
139.03
139.13
139.06
138.42
138.46
138.75
139.21
139.69
139.72
139.87
139.81
139.38
138.68
138.15
137.87
138.23
138.25
138.37
138.57
138.72
138.81
138.7
138.74
138.85
138.48
138.37
138.74
138.88
139.05
139.09
138.83
138.56
138.28
138.68
137.93
137.97
138.3
138
137.53
136.86
137.06
137.13
136.63
136.65
137.08
136.78
136.91
136.95
137.71
137.63
137.83
137.7
137.23
136.65
136.44
136.88
136.8
136.71
136.89
136.92
137.16
137.06
137.07
137.58
137.91
137.66
137.27
137.05
137.03
136.73
136.68
137.01
138
137.83
136.28
136.11
136.75
137.39
138.01
138.45
139.16
138.7
138.83
139.45
140.49
139.89
139.87
139.9
139.33
138.66
138.62
138.88
138.52
137.47
137.36
137.4
137.68
136.88
137.63
136.86
135.97
136.28
135.52
135.98
136.21
136.4
136.89
136.05
135.52
136.92
137.04
136.91
137.73
137.56
137.75
140.68
142.36
142.51
143.15
142.57
142.65
142.66
144.44
143.65
144.42
145.62
145.23
146.52
148.12
148.24
145.97
147.16
147.17
147.24
146.74
147.73
147.64
147.62
147.48
148.28
149.18
148.66
148.12
146.63
147.28
148.05
146.55
145.64
146.45
146
146.13
146.84
146.91
146.95
146.79
146.61
146.64
145.26
144.81
145
144.63
142.76
140.77
141.19
141.11
140.35
140.05
138.83
138.34
135.1
136.1
136.45
137.23
136.95
134.68
132
133.13
134.16
132.69
133.91
132.59
133.38
134.99
133.06
134.89
134.63
134.35
135.2
136.53
135.81
135.21
134.54
136.11
135.39
135.2
135.46
134.65
134.94
135.04
133.72
133.83
134.36
133.81
132.59
132.53
131.05
131.49
129.59
128.09
129.01
127.4
128.24
128.62
130.51
128.78
129.9
131.06
130.85
131.11
129.74
129.72
130.08
128.91
128.92
130.3
130.61
130.57
130.07
129.52
128.54
127.49
126.96
127.19
127.33
128.07
128.51
128.01
128.47
128.62
129.47
129.38
129.62
130.54
132.51
133.98
134.62
133.91
134.09
135.63
134.9
134.24
133.94
134.43
135.33
135.97
136.62
135.78
134.56
134.62
134.5
133.92
133.44
133.85
134.86
135.72
136.41
136.35
138.44
140.06
139.78
139.61
140.56
140.3
138.95
138.94
139.05
139.26
138.75
139.94
139.69
139.27
139.92
138.46
138.78
138.51
138.3
137.69
136.44
136.16
136.42
136.5
135.53
134.94
133.73
133.94
137.05
135.83
135.86
135.52
135.03
134.36
134.54
135.5
135.53
136.09
136
136.72
136.66
136.16
135.73
136.19
135.82
135.36
136.21
136.28
136.26
137.34
138.15
138.57
138.72
138.07
137.8
137.11
137.67
138.72
138.98
137.62
136.89
135.68
136.11
136.07
135.95
135.07
135.09
133.56
132.66
133.2
134.18
135.04
136.05
136.73
136.11
135.69
136.11
137.25
135.66
134.88
133.62
134.57
134.86
134.98
134.86
134.69
133.97
134.28
134.41
134.74
135.54
134.84
135.27
136.61
136.31
136.28
136.34
135.34
135.53
135.31
135.99
136.01
134.04
133.82
133.88
133.1
132.25
132.96
132.75
133.04
132.78
132.09
132.51
132.29
132.43
132.08
131.99
132.63
132.2
131.63
131.41
131.79
131.88
130.85
130.66
130.39
130.41
130.1
130.13
130.05
130.63
130.82
134.11
134.09
133.68
133.92
133.89
133.03
132.82
133.03
132.97
133.37
132.68
131.74
132.27
132.63
131.93
132.11
132.19
132.06
131.52
131.75
130.68
130.67
129.37
127.97
127.73
128.69
128.39
127.86
127.74
128
128.27
127.8
127.82
128.32
127.35
128
128.25
128.34
128.75
129.27
129.98
131.18
131.74
130.99
130.91
130.88
130.44
129.72
130.01
127.97
127.31
127.5
127.81
127.12
126.98
125.78
125.34
124.55
123.56
123.55
124.56
124.64
122.53
123.89
123.31
124.59
125.19
124.97
123.93
124.8
126.5
126.91
126.41
125.74
126.38
126.08
125.74
125.85
126.05
125.69
126.16
126.25
127.02
127.24
127.47
128.11
127.16
126.83
125.64
125.16
123.12
123.19
123.14
123.59
123.28
123.28
122.72
123.12
124.03
124.09
123.55
125.58
125.31
125.77
126.19
122.74
121.85
122.73
122.56
122.93
122.32
122.18
123.31
124.26
123.84
124.04
122.81
123.41
123.48
123.6
123.19
123.63
122.55
122.54
122.95
122.87
122.53
123.87
123.25
122.57
121.4
121.09
122.12
121.94
121.9
121.19
120.37
119.97
118.94
119.36
117.03
117.42
117.59
117.75
117.94
120.89
113.64
112.44
113.72
114.4
114.71
114.17
114.41
112.67
112.47
111.5
111.15
113.68
115.79
115.88
117.14
115.7
117.56
116.97
117.69
116.66
116.42
116.3
114.99
116.56
116.59
114.06
114.3
113.28
112.87
112.65
112.86
113.64
113.3
113.2
113.54
113.06
113.25
113.14
113.19
113.41
113.51
113.56
113.32
113.14
113.43
114.04
114.03
114.73
115.41
115.61
116.01
115.29
114.83
114.37
115.41
115.35
114.42
115.06
115.23
114.79
114.14
113.91
113.44
112.24
112.91
113.38
112.91
112.65
112.91
113.38
113.92
113.95
115.3
115.99
115.89
115.28
115.4
114.43
114.72
114.65
114.31
114.28
114.05
113.52
113.62
113.01
113.37
113.48
113.97
114.73
115.04
115.1
115.14
114.64
114.37
114.91
115.33
115.95
115.28
116.36
115.81
116.42
117.06
116.61
117.01
117.47
117.81
118.11
118.74
119.61
119.72
118.81
119.67
121.19
121.65
121.22
122.54
122.2
122.33
121.06
121.89
122.32
122.41
123.32
123.07
123.31
121.8
122.43
122.54
122.67
122.71
122.43
122.79
122.1
122.28
122.93
122.92
122.54
123
122.36
123.16
122.69
122.19
122.14
121.73
121.91
121.08
120.67
121.89
122.5
122.69
121.32
122.11
121.76
122.36
123.12
121.67
121.81
121.96
121.36
121.54
120.12
120.06
119.78
120.69
120.47
120.55
120.86
121.03
120.86
119.81
120.04
119.79
119.59
119.15
118.5
119.32
119.28
119.95
120.2
121.12
120.5
120.44
120.54
121.58
122.47
122.39
121.67
121.71
122
121.03
120.87
120.79
120.03
119.62
120.23
120.23
120.19
119.56
119.48
118.67
118.31
118.2
118.05
117.95
117.62
117.56
116.22
116.3
115.8
115.28
115.92
116.35
116.61
117.17
117.03
119.29
121.38
121.09
120.98
121.55
121.89
122.4
122.74
123.53
123.97
123.72
123.95
124.2
123.67
123.9
124.88
125.36
123.66
123.78
124.71
125.06
125.02
125.09
125.37
124.52
124.22
123.99
124.55
124.86
124.57
124.31
123.38
123.62
123.36
123.53
123.16
123.39
122.92
123.62
124.14
124.34
124.1
124.38
124.16
124.58
125.06
127.4
127.78
128.34
128.41
128.84
128.52
128.58
129.34
129.85
130
130.66
129.13
129.12
129.07
129.29
129.5
128.94
130.15
129.6
129.35
130.32
130.45
129.9
130.05
130.56
130.24
131.29
130.62
130.3
130.63
129.65
129.45
128.57
129.06
129.15
129.88
129.68
128.46
128.44
128.75
128.88
128.75
129.26
130.4
130.88
131.41
131.02
130.98
130.76
130.54
129.64
130.18
130.4
129.79
130.77
131.84
131.32
131.39
132.38
133.38
133.85
133.47
134.32
133.8
132.38
132.36
132.53
132.41
132.9
132.31
132.54
132.6
132.12
132.18
132.28
132.77
133.41
132.84
132.25
132.34
132.09